-4.559812785059414504e-49 -1.612607635261030203e-46 -2.025298798496196725e-44 -6.656054177870543449e-43 7.840361455737435781e-41 7.635050498419177677e-39 7.859030449661696957e-38 -1.735459620460280425e-35 -7.051646216269283206e-34 8.656981438386147753e-33 1.052020071166201813e-30 1.324364950246693044e-29 -4.670621885139232195e-28 -1.389203686902783632e-26 -7.683023017868356660e-26 1.311829808806912570e-24 4.952847758686760146e-23 1.242756927109295770e-21 9.927187024646154350e-21 -1.041841893275314714e-19 -3.056791277220839820e-18
6.034494084232166243e-46 2.138330837757548882e-43 2.695772221633630085e-41 9.021771697921855553e-40 -1.027151250672134456e-37 -1.014699920129056399e-35 -1.111389523520891308e-34 2.275263145603389280e-32 9.418543342129050549e-31 -1.076160023160572887e-29 -1.383846365297832282e-27 -1.804926433394873940e-26 5.990136087609402526e-25 1.825852295568301334e-23 1.068878861787689884e-22 -1.561196093170670210e-21 -6.232383846758326357e-20 -1.626867808448831018e-18 -1.382093706117819140e-17 1.260033866475044543e-16 4.109468998612460997e-15
-3.530947925410322406e-43 -1.253755968864989193e-40 -1.586823400495087964e-38 -5.409194221923059659e-37 5.945968460997022816e-35 5.962997649418629886e-33 6.937050257490975514e-32 -1.318159531998771418e-29 -5.562827435933731484e-28 5.876305662641097193e-27 8.045764740884313396e-25 1.087250180101710853e-23 -3.391206727948335256e-22 -1.060799075628345134e-20 -6.550717283552042270e-20 8.146512197302872355e-19 3.458388572920672834e-17 9.392099092803852533e-16 8.440062969270420004e-15 -6.698594144163473332e-14 -2.446150182798315637e-12
1.201664319565692099e-40 4.275892462991235561e-38 5.433826008335225611e-36 1.887089404133673566e-34 -2.000698791237011616e-32 -2.038325281055295360e-30 -2.513978764049485148e-29 4.439254076716881426e-27 1.911180017305651846e-25 -1.852347014946911799e-24 -2.719943410477150305e-22 -3.807893819844748078e-21 1.114871619093726393e-19 3.584338718774773995e-18 2.327551019040000777e-17 -2.450721985247484648e-16 -1.113947575592358187e-14 -3.146625280069987673e-13 -2.975896761545377857e-12 2.061758982226611264e-11 8.486714758274573886e-10
-2.631271900694151565e-38 -9.383467656126448916e-36 -1.197447502337773897e-33 -4.237200814894973590e-32 4.328759751817176020e-30 4.483403731344769129e-28 5.851138300907012525e-27 -9.614250753057972329e-25 -4.225128148874580749e-23 3.724691284699880485e-22 5.914717885223424028e-20 8.577418500327716548e-19 -2.354643605890734136e-17 -7.793088470039560256e-16 -5.306607447406922821e-15 4.699118966757087553e-14 2.305795051607152658e-12 6.770909209094566226e-11 6.707119853698237716e-10 -4.070759386685252454e-09 -1.899749144493898737e-07
3.869506379346780973e-36 1.383043911797135218e-33 1.772500719289717839e-31 6.390803646679223369e-30 -6.286301632957192217e-28 -6.623341341370241156e-26 -9.127990160104710341e-25 1.397712186948313996e-22 6.273555873148665076e-21 -4.980049347966438082e-20 -8.636399210262287952e-18 -1.297005941055847810e-16 3.335150751417464749e-15 1.138220273685840206e-13 8.107160996349388750e-13 -5.989546779757437423e-12 -3.204522803729443960e-10 -9.772951770889362334e-09 -1.009463277484862931e-07 5.391052301325579790e-07 2.865595177433088021e-05
-3.866438072906652590e-34 -1.385154297933752202e-31 -1.782948686724802185e-29 -6.549597751461990937e-28 6.199493935019145715e-26 6.648612059358908789e-24 9.655099976676977328e-23 -1.380072823254429076e-20 -6.329451914442678470e-19 4.471806061617322607e-18 8.567367537561000511e-16 1.331918115350147214e-14 -3.205639483603767236e-13 -1.130043230938970827e-11 -8.400654433487133805e-11 5.127818084208100119e-10 3.028225952007604515e-08 9.578575107460208761e-07 1.027371840005558594e-05 -4.854076159510273074e-05 -2.948001657662202915e-03
2.589652464436253822e-32 9.299355068029426810e-30 1.202274741686780166e-27 4.498718837467264536e-26 -4.096269041507927516e-24 -4.473715370702145643e-22 -6.829917410366145210e-21 9.130921843830890750e-19 4.280437612732451921e-17 -2.654761288787403086e-16 -5.696734888505915436e-14 -9.163186667273423790e-13 2.063048575563479477e-11 7.524851398985465207e-10 5.826825086948174697e-09 -2.903210885835449834e-08 -1.921500434034662951e-06 -6.292755431824208039e-05 -6.981264735308984970e-04 2.937228454514518531e-03 2.040941221001857098e-01
-1.111824881595284961e-30 -4.002042395857593067e-28 -5.196935762113174422e-26 -1.980075528182686994e-24 1.734307526532235912e-22 1.929598212970354521e-20 3.089271470066350888e-19 -3.871614248752815999e-17 -1.855448197541162500e-15 9.936583778129110207e-15 2.428285124430024453e-12 4.038370156126980569e-11 -8.503205689683292474e-10 -3.214288375075348266e-08 -2.587877953658766741e-07 1.036264211427341693e-06 7.836274556775375431e-05 2.651377054131175137e-03 3.031424368427367705e-02 -1.144520064096801459e-01 -9.092844728469595239e+00
2.761380120240343831e-29 9.963365923767456673e-27 1.299492887410092511e-24 5.038872322445464793e-23 -4.246731896294341684e-21 -4.814419123506566781e-19 -8.061699270536539207e-18 9.495530017280225614e-16 4.652165312161471540e-14 -2.107996222907935423e-13 -5.988802544334151457e-11 -1.028837261726155675e-09 2.026153979649288516e-08 7.949277032659300345e-07 6.642840588079599511e-06 -2.094087203671280142e-05 -1.855025239890774509e-03 -6.468478302165439620e-02 -7.594978967543546400e-01 2.605523488237579066e+00 2.366072136651983442e+02
-3.011673972332511294e-28 -1.089214309852033453e-25 -1.426766310960972118e-23 -5.626678363692452618e-22 4.565983189883465642e-20 5.274514218488308950e-18 9.211976136911242498e-17 -1.022707052242352413e-14 -5.121280620273430730e-13 1.913163016186619611e-12 6.487556647282698916e-10 1.150055009405563071e-08 -2.119309418027813435e-07 -8.640557758168937534e-06 -7.481295571874943507e-05 1.804312532138521426e-04 1.936106985212053197e-02 6.939526619504979843e-01 8.343442207426116752e+00 -2.608671751617785617e+01 -2.680096020472108648e+03
