-8.940606076075167814e-52 -5.649932579603934070e-49 -1.487341190558578892e-46 -2.020334178819225400e-44 -1.289883336056791650e-42 7.142074503486378364e-42 6.835946795202067494e-39 3.690197703559607229e-37 -3.259510715487349250e-36 -9.920595560653664515e-34 -2.414494295060339225e-32 8.474556152595273103e-31 4.385850888087916578e-29 -2.251701762377864922e-31 -2.637472118628225953e-26 -3.273586494024528009e-25 4.090344805270534912e-24 1.471913870434161439e-22 -7.455350533488565126e-22 -9.802540067848761119e-21 1.205154964010159226e-18
-3.025411174293200180e-49 -1.907967135653633944e-46 -5.009523938515287535e-44 -6.778094088363433766e-42 -4.290550754569228570e-40 2.834118294468999920e-39 2.304958416801348031e-36 1.223681503158306654e-34 -1.201379128061214338e-33 -3.325580922377527770e-31 -7.876864859207693447e-30 2.878010236456170157e-28 1.455412093691645428e-26 -3.978075299945171509e-27 -8.948410565399580604e-24 -1.074106143343194513e-22 1.629901721756796897e-21 4.437544598174827945e-20 -3.252370991838994471e-19 7.167355323983948020e-20 4.226647570585649551e-16
-3.590113257361497498e-47 -2.255131809500156928e-44 -5.890850046739730530e-42 -7.909945655300914407e-40 -4.923425191262285424e-38 4.291489833406696875e-37 2.715589508854146861e-34 1.396288293152975873e-32 -1.640794837802144863e-31 -3.878077875472425710e-29 -8.706814868487111914e-28 3.448510387391778449e-26 1.664316524821982391e-24 -1.635059703763551778e-24 -1.059999660619292924e-21 -1.169372675578204645e-20 2.289512399856782806e-19 4.264045533784877952e-18 -4.594625737441107150e-17 5.339841673009398158e-16 5.655877127025195230e-14
-1.373923697727512775e-45 -8.509929717686008458e-43 -2.182390954003234481e-40 -2.849059158763207505e-38 -1.661300538435375705e-36 2.858230739051647279e-35 1.012566665218662999e-32 4.615179255352404067e-31 -9.059988207317948707e-30 -1.398196278182710112e-27 -2.509602361374966341e-26 1.376650860658579746e-24 5.559630525267101283e-23 -2.445060038442637857e-22 -3.950429612531624939e-20 -2.892664134060884390e-19 1.171521230698794163e-17 6.022656865790773304e-17 -2.431966085599148011e-15 8.344636382366063198e-14 3.513477844425839131e-12
4.697500708620197803e-44 3.053735661551212880e-41 8.323061117350267859e-39 1.186597779066848017e-36 8.330734137656525347e-35 4.611825548624452015e-34 -3.778288678802363689e-31 -2.433267772924897308e-29 -1.739565141194384920e-29 5.754397034094877665e-26 1.817122016888125542e-24 -3.922998660963654640e-23 -2.845880013517479073e-21 -1.494270393229262561e-20 1.523975818148295408e-18 2.941767935426064738e-17 -1.297120346296290851e-16 -1.307649186824121417e-14 2.585082063392465769e-15 6.429409510896437971e-12 9.156602962926463783e-11
4.457987743694496915e-42 2.815604180781785642e-39 7.405825809470261783e-37 1.004383259743965838e-34 6.385994956765322893e-33 -3.862137366034861769e-32 -3.398382934206823288e-29 -1.812483962026675861e-27 1.708630537855472550e-26 4.869702999285685002e-24 1.166681151587633586e-22 -4.110971258763373702e-21 -2.148088835775743120e-19 -1.493741976137299375e-19 1.357636805877028429e-16 1.712416657439772971e-15 -2.963450902635544979e-14 -6.498413659142020790e-13 5.435301510473677442e-12 3.615493431086880138e-10 3.131473683369983443e-09
3.344063381149026640e-41 1.968876284516872109e-38 4.700883993007495128e-36 5.431452165886540248e-34 2.182918448871346639e-32 -1.671990942117963834e-30 -2.189429765206643742e-28 -4.965001278813652648e-27 4.375041218907655502e-25 2.547303647435394560e-23 -8.212725404259520417e-23 -3.601351179057496074e-20 -6.397591661426821722e-19 1.940771790775262647e-17 8.442068169714257686e-16 -2.730611814991154187e-15 -5.228985135052518109e-13 -1.941959306521167153e-12 2.703368332700970052e-10 2.355800029661391302e-08 4.903639872338503536e-07
-3.194190764106955774e-39 -2.046948976992419143e-36 -5.481494749936704923e-34 -7.623350686320613003e-32 -5.097108446959923987e-30 8.130218153259721410e-31 2.510920079815269306e-26 1.467078453200811282e-24 -6.380246928438094401e-24 -3.700006466808741261e-21 -1.017701130919363031e-19 2.826749627152130792e-18 1.721009718779580791e-16 5.132805446922598692e-16 -9.998399393792840464e-14 -1.422043717945612690e-12 1.223744227957369215e-11 2.217781465224153103e-10 1.735448549623739892e-08 1.107945316990504732e-06 6.152428524701585662e-05
-4.024779287667387050e-38 -2.498727810506041248e-35 -6.425723799750002773e-33 -8.419843434107149588e-31 -4.952136580702362242e-29 7.826362613810003807e-28 2.945016530836120196e-25 1.350100361065453647e-23 -2.536936024547116837e-22 -3.978603950142136005e-20 -7.194387865638519815e-19 3.778370583368137427e-17 1.542089045095691542e-15 -5.580448381252093918e-15 -9.991555129867923474e-13 -5.817832904777884195e-12 -1.059319406699160925e-11 -6.396653579599798496e-09 8.594596103095273417e-07 6.071044252950978112e-05 2.593962352739343814e-03
5.595475353540151167e-37 3.647507037561582733e-34 9.968605178215657555e-32 1.424484763990188261e-29 1.000360872346416617e-27 5.050979456692402204e-27 -4.611283363951688094e-24 -2.949670529847930100e-22 -1.881253359727799696e-24 7.132086999868797337e-19 2.229150385668719557e-17 -5.153147531980425224e-16 -3.732353360414387392e-14 -1.331718016793035742e-13 2.725145672178792804e-11 2.948065751593993920e-10 -2.089382537663042612e-08 -2.930430826903557198e-07 8.037246598616056958e-05 1.246166403184917251e-03 3.262118719082851004e-01
3.698040582272998755e-36 2.351231811399305010e-33 6.230237869668316839e-31 8.513995471537895869e-29 5.440430006802648817e-27 -3.842619597919615651e-26 -3.012836537597964593e-23 -1.598579377337830537e-21 1.959537545144076714e-20 4.748534067550977607e-18 1.029451406558591182e-16 -5.768659854635831209e-15 -2.574588323921063334e-13 5.705084071470924077e-12 4.292054296190157789e-10 -1.289262933975076255e-08 -1.266415099244066499e-06 5.026000818014804986e-05 7.415996623918319139e-03 5.502041971870077486e-01 4.423933531187259405e+01
