-1.828180108300436113e-32
1.473367400364402429e-29
-5.061742520761151575e-27
9.241398193285272451e-25
-8.296755029850710428e-23
-2.606248487869787770e-22
8.867197523069349857e-19
-7.614441598746759301e-17
-2.569648912691232558e-15
1.155699751194989087e-12
-1.286749832643580001e-10
8.689029294020930407e-09
-4.057696368473332366e-07
1.365320703692732881e-05
-3.346352851822506007e-04
5.946835726741366013e-03
-7.549183216580328259e-02
6.705110602690097510e-01
-4.124452849450173098e+00
1.998767038249021155e+01
3.835343962608059343e+01
