1.969210790072785873e-33
-1.682296251413991664e-30
6.200882024050393282e-28
-1.242803988936012053e-25
1.314787124585433163e-23
-2.826718080372246719e-22
-1.101380557273286347e-19
1.326830521066742440e-17
-4.372154674686818009e-17
-1.486100522083691900e-13
2.016523926918842511e-11
-1.541885384080446427e-09
7.974352433806654223e-08
-2.932663657207232627e-06
7.761898895215579115e-05
-1.472246503701217209e-03
1.982281579205762145e-02
-1.878249563676044898e-01
1.230195574297922922e+00
-7.656246738096362137e+00
1.555325521628104184e+02
