-1.305219918929310949e-31
-1.220060193427297587e-29
5.959839244183967891e-28
8.713685149223099545e-26
-1.500633832717702100e-25
-2.512382738073950331e-22
-4.123164167094852677e-21
3.599770596254738586e-19
1.082535426943860563e-17
-2.337243817278434505e-16
-1.251790610685785325e-14
-6.351230086589929874e-15
7.266627243622948138e-12
1.097105863256505937e-10
-1.885508160935488446e-09
-8.130879142123577115e-08
1.135000690393122444e-07
4.580234626238864805e-05
-1.446552980834603028e-04
-3.548231854026799581e-02
1.027886349789393305e+00
-1.048654681383316500e+01
