2.280739547494538063e-34
2.171014729446886066e-32
-1.205200587430648644e-30
-1.757845725568852418e-28
6.018388275726340322e-28
5.819862523428514586e-25
9.818419143393527070e-24
-9.655326532082487810e-22
-3.126728132480148568e-20
7.093961659142212764e-19
4.234471272509775860e-17
9.926865473247498608e-17
-2.534769675634939655e-14
-5.135799720220631634e-13
6.194972268045093488e-14
2.468305821630205505e-10
7.893370388444447866e-09
5.153681545312230415e-08
-3.956804410762314059e-06
-8.630282873971102653e-05
1.137227884483285644e-03
4.190025529266299537e-02
-6.855459522478875023e-01
-4.099335586112966112e+00
1.159521590978003616e+02
