1.018419264696439128e-34
8.778564275951020001e-33
-6.011428308688662105e-31
-7.237468668923195624e-29
7.885262663424550606e-28
2.464418017402402202e-25
2.612231287515021001e-24
-4.302994245519239546e-22
-1.086008642861343270e-20
3.621693484771627201e-19
1.625606681323967982e-17
-3.410805666723898492e-17
-1.089465072892622335e-14
-1.833292921237768336e-13
9.634297021535918807e-13
1.202538473033731450e-10
3.121148206588796292e-09
-1.407923421375879672e-09
-2.078861651394479365e-06
-2.777912199485493882e-05
8.694431190844131374e-04
1.629775467579058085e-02
-5.328157448965249454e-01
1.619033540015086814e+00
4.848626655166200550e+01
