-2.044667827098806355e-34
-1.854597966311916023e-32
1.143626000395639928e-30
1.514783341250067625e-28
-1.059800516084711391e-27
-5.083930898153953973e-25
-7.033699106889367732e-24
8.648825732933898898e-22
2.494769091943746897e-20
-6.809761575260167139e-19
-3.533673843691027112e-17
-1.222669742380815323e-17
2.228817116593542103e-14
4.163846504330967511e-13
-9.114031417472930778e-13
-2.310858976959085520e-10
-6.755783655273177078e-09
-2.445784416552035558e-08
3.869991452504076209e-06
6.930933755110247675e-05
-1.338216653638104941e-03
-3.662750977610865905e-02
7.926691242437045037e-01
1.620238954258572006e+00
-1.076067270135830114e+02
