-1.327302341904735047e-34
-1.322648849386409573e-32
6.605271052804346474e-31
1.062310472325416032e-28
-1.485745410190182845e-29
-3.472355199834312951e-25
-6.849203152394230658e-24
5.623123292957107612e-22
2.016537873152062085e-20
-3.843888913366395009e-19
-2.631411130370265402e-17
-1.055504702346815696e-16
1.505543388958576072e-14
3.256999931590259631e-13
4.352742699350750293e-13
-1.381364366855713871e-10
-4.738325465793305163e-09
-4.133887406609561207e-08
2.108351106459533894e-06
5.344982151324414608e-05
-5.047530249124709953e-04
-2.429400908056528197e-02
3.232558536860385967e-01
3.016545411909397512e+00
-6.404392442942770458e+01
