2.517244227449755186e-33
1.240198896337322355e-31
-1.999517817078478793e-29
-1.096960076587240132e-27
6.294172664915775373e-26
4.103909126737527547e-24
-9.092999351999297984e-23
-8.285772681067779876e-21
3.176837900009790801e-20
9.397814672840175477e-18
7.853208724537344664e-17
-5.329287628806636367e-15
-1.057046180794720014e-13
4.757198193703653786e-13
3.922829368605960629e-11
9.763031674916470536e-10
1.043268715111226366e-08
-4.330118909907201864e-07
-1.297943954127249638e-05
8.925295928852059965e-05
5.674459006466897951e-03
-6.436290377202745494e-02
-7.935390714468250062e-01
1.447440986178367872e+01
