-2.770964926537241513e-35
-2.263462106258452165e-33
1.721064534634869713e-31
1.884781129543356752e-29
-2.855909712181477579e-28
-6.516172363665807082e-26
-4.659058253481928669e-25
1.168625222658917339e-22
2.519412128131205911e-21
-1.048961055204824375e-19
-4.042333265136545952e-18
2.084586995829987593e-17
2.906091890452631338e-15
4.242347447574130270e-14
-4.279370125756944822e-13
-3.388854453217377990e-11
-7.441343895379032097e-10
4.931790607254738108e-09
5.883679319152818653e-07
4.465733146241261278e-06
-2.985582727288690940e-04
-2.878324604107343823e-03
2.011815750064653296e-01
-2.207149072941820833e+00
-1.173756836970048401e+00
